7.865953259034320633e-01
-4.235554148119469176e-01
-2.216394331998143910e-02
8.701809174957731985e-01
-1.891731652121350360e-01
-1.319677390604600750e-02
2.823693935919833198e-01
2.890873132472860374e-01
-6.390835873538313061e-01
3.197003121711534113e-01
3.228967722021354181e-01
-3.487499771988299968e-01
-6.114954735918582546e-02
-1.835444314844486557e-01
5.463724572213330966e-01
-7.194830338770362710e-01
-4.756918695537695752e-01
3.055087620010326632e-01
5.475967629982390061e-01
-8.315560758863896340e-02
1.160197623999223326e+00
-2.225057761400853207e-01
5.757100121901287393e-01
-6.050860418487242764e-01
3.444500852722467421e-01
-7.940298318096353225e-02
2.283818591852647684e-01
-3.031172322368536065e-01
-5.649385708283143070e-02
1.109014422840047809e+00
-4.218959273067761084e-01
-3.604301007394284939e-01
9.353133920134296675e-01
-1.556580469682313228e-01
-2.783488153357317474e-01
5.367014276511803406e-01
6.879574492240353445e-01
-4.525428813656613980e-01
9.959462195085581060e-01
-6.076558915437374475e-01
-5.560252231329385619e-01
6.600214705366254375e-02
-3.939165062637305370e-01
8.053590335310246706e-01
-6.162921744172520366e-01
4.618477583059703018e-01
-5.197257019004644651e-02
8.551261518537722761e-01
6.829786072428948307e-01
4.661164709904484782e-02
4.508283281030257550e-01
4.760897164606343601e-01
2.331396263841155891e-01
9.259555974727227967e-02
1.255734938443611726e-01
-3.126561962105211534e-01
-3.960322329039591693e-01
-5.275196884603063907e-01
-3.670602306658325986e-01
-4.509522735792119152e-01
-4.648043204724999766e-01
9.807021652794354130e-03
2.507919895061422877e-01
-1.232843933054591778e-01
4.208906177294413631e-02
-7.973295065255144864e-01
-3.324785002812705725e-01
2.346195529341255082e-01
2.670268361789585390e-02
4.177264353234272365e-01
1.442990167131703139e+00
3.411112931653449976e-01
4.585576216770606006e-01
-7.508750816401943418e-01
8.016834965266737001e-01
7.820641518217689159e-01
9.628716390182107815e-03
-7.385988711618032831e-02
-5.857172678790594222e-01
-1.345243644613557665e-01
7.240301827430808967e-02
-9.378150524467960825e-01
-6.328009788534164626e-01
5.066336440070763336e-01
-1.713547173886810493e-01
4.690481127398857253e-01
5.311666546822869650e-01
8.938220207271524442e-01
2.468814617760938523e-01
3.919214208372580055e-01
-7.939241768813118938e-01
3.869892639509003862e-01
5.379935564886796362e-01
4.136789164241547190e-02
-1.479301168746571526e-01
1.590544230520268276e-01
-7.308567356437212226e-02
-7.886124126697190428e-01
-5.082951916873688081e-01
-2.284078573439812798e-01
