5.429633892018432384e+00
3.615788291126340592e+00
2.130776511383374316e+00
5.378574437368604855e+00
5.034246799687554841e+00
3.028784579388589471e+00
-2.741307311926165280e+00
-3.193573354998059166e+00
-2.603838317688872195e+00
-1.512077313949612645e+00
4.209720499735576937e-01
-3.877938734952591560e+00
-1.205835676651582755e+00
-3.196043073587570227e+00
-2.597424054469931409e+00
3.533322071514850116e+00
-4.656384186547976256e+00
1.726311158712845018e+00
4.437272696785795389e+00
4.392809860068628502e+00
-5.505598337499727490e-01
-2.944087974946241193e+00
-2.906593834002695775e+00
3.044490228651782981e+00
-1.671912782809621412e+00
3.780848994560808585e+00
2.543832631843886638e+00
3.155179115649321187e+00
3.950687065003977150e+00
-4.297389537504322732e+00
4.750624464092978450e+00
4.022355652387188840e+00
2.294541918006169023e+00
-2.523752513664220487e+00
3.046723971962145505e+00
-2.655378360747793209e+00
3.007106066822049062e+00
2.579322542940176710e+00
3.435022670145250423e+00
-1.639792425693358702e+00
-2.693351286793688182e+00
-2.863374371517050765e+00
3.746764837144824778e+00
-2.187603021607947174e+00
3.427952566212745467e+00
-2.957435381755082471e+00
3.849782749789817604e+00
-2.846798555945567522e+00
4.725152238991545239e+00
-2.367747939975221261e+00
2.147438658125697675e+00
3.622131015618728966e+00
-2.818735917572045224e+00
-2.065391199964450752e+00
3.740700142735253309e+00
-4.094678853578820110e+00
-2.374997246318014010e+00
-9.062889094323191008e-01
4.011029237803475311e+00
3.381184540802108174e+00
2.730449996949998681e+00
4.072519006208106696e+00
-1.760379673433283054e+00
-3.387470602759442340e+00
4.569193958316206228e+00
3.071267799884604077e+00
-1.954769882297753281e+00
-4.251407604169195942e+00
2.981743386465614432e+00
-3.522977962425849707e+00
3.885853561473889606e+00
-1.549992130071346175e+00
3.265282095284301356e+00
-3.453171355969901768e+00
-2.178582437155297757e+00
-2.229264263466161466e+00
3.211323810473850848e+00
-1.241581912487924377e+00
6.202043113714946543e+00
4.461885798121833169e+00
3.901677431723716838e-01
2.551837510682333665e+00
1.795224910544878982e+00
-3.608138735636248207e+00
4.369190103995230778e+00
-3.335666914641324698e+00
-2.194579560916272598e+00
2.756835270828780438e+00
4.150140197187788260e+00
3.449804053465029607e+00
4.170856505602221986e+00
3.190852748867166522e+00
3.297860646160454046e+00
2.743257572215216822e+00
3.650970341946059960e+00
3.802485121791560729e+00
2.672646917715489234e+00
-1.651808084909847540e+00
-2.388914589667121113e+00
-4.280698615504985760e+00
