1.608004327812402767e+00
-1.025442679818381553e+00
9.252789934301469676e-01
-8.623305900282419723e-01
9.928961907357983785e-01
-5.040986302801599983e-01
9.161728179499627478e-01
-7.253848272322465096e-01
-7.849799092025214753e-01
1.494445271504553086e+00
-3.279279015028937483e-01
-7.187723788892235177e-01
-1.378901940914902813e+00
1.392027273380166963e-01
-6.476502817976877990e-01
-8.385336150351870854e-01
1.464600293392905428e+00
2.061967136001230036e-02
-4.261871713698477393e-01
-1.091816049819739565e+00
-8.169152917573514749e-02
1.083812727705053991e+00
5.719233728814486772e-01
9.729349410646466190e-01
7.017180576429463690e-01
4.756205404894068844e-01
6.181271772107890111e-03
-3.890337922313783642e-02
-8.041562884893433960e-01
6.738391355515810366e-01
1.200308345680120459e+00
-1.279157886224605134e+00
-1.437625444455335133e+00
-7.506407972068354084e-01
-3.718959894557247181e-01
-9.822028584309108190e-01
-5.736857390783708377e-01
9.994241334944413691e-01
9.163035248079886008e-01
-2.732190470307941377e-01
-3.013507208398732984e-01
8.323046398091689113e-01
-6.537330391779504479e-01
-2.153963351697146256e-01
-1.494053793028077004e-01
3.420083918245626631e-01
5.125359043675427051e-01
1.550142715055788489e+00
3.018973002145817208e-01
-7.684464677183736603e-01
-8.124833091803025376e-01
-3.320778663696927202e-01
-1.155014891767017327e+00
-8.572678181118410512e-01
-2.102904552342061695e-01
4.621098745315387057e-02
-3.948869431879908354e-01
1.209356633492779443e+00
1.763228003213682671e+00
7.848769607136694137e-01
1.198608045831606628e+00
-7.162361252105610143e-01
-8.295119212104851147e-01
1.750808065251650669e+00
-7.709782357713220735e-01
-1.041592013468450206e+00
-8.339525545892417790e-01
1.175426226862818613e+00
5.758425110998890428e-01
1.826952635915106704e+00
9.267009568155305521e-01
9.973978487400207982e-01
1.005110717777849327e+00
-1.000687902232836990e+00
2.159742953788857722e+00
-6.689145282556259176e-01
-6.439827238266545573e-01
-1.162818068786886760e+00
3.956690017507740187e-01
1.198506776714834965e+00
2.678418181752113547e+00
-4.298937481756548440e-01
1.843442010833064248e+00
4.346212421173264451e-01
1.061744274613722672e+00
-3.904345436940132030e-01
8.772905156080643696e-01
-4.064970795828748429e-01
6.447141054931532222e-01
4.074640553143244470e-01
1.048422182721909568e+00
5.409773699854021345e-01
1.109627570902453231e+00
1.262971921411959020e+00
-7.199063023498183389e-01
-2.235700794385041823e-01
2.768729391879030249e-02
-1.052836815349010441e-01
-4.271829493787729914e-01
-6.674294661127092576e-01
